# -*- coding: utf-8 -*-
"""
Created on Mon Apr  9 13:47:32 2018

@author: aa-ol
"""

[-2, -2]
[-3, -3]
[-4, -4]
[-5, -5]
[-2, -3]
[-3, -2]
[-4, -5]
[-4, -2]
[-2.5, -3.5]
[-3.5, -2.5]
[-4.5, -2.5]
[-2.8, -4.8]
[-3.5, -4.5]
[-1.1, -1.9]
[-6.6, -6.6]
[-2.1, -2.9]
[-3.6, -3.1]
[-6.1, -5.5]
[-2.8, -3.5]
[-2.4, -5.5]
[-2.9, -1]
[-3.5, -6]
[-6.6, -5]
[-4.4, -4]
[-1.1, -1]
[2, 2]
[3, 3]
[4, 4]
[5, 5]
[2, 3]
[3, 2]
[4, 5]
[4, 2]
[2.5, 3.5]
[3.5, 2.5]
[4.5, 2.5]
[2.8, 4.8]
[3.5, 4.5]
[1.1, 1.9]
[6.6, 6.6]
[2.1, 2.9]
[3.6, 3.1]
[6.1, 5.5]
[2.8, 3.5]
[2.4, 5.5]
[2.9, 1]
[3.5, 6]
[6.6, 5]
[4.4, 4]
[1.1, 1]